500 5000
259
259 174
259 150
259 22
259 26
384 460
384 21
384 169
384 196
384 434
384 424
384 14
384 293
384 337
384 305
384 195
384 228
384 116
384 390
384 328
384 148
384 131
384 198
384 474
384 19
384 307
384 46
171 275
171 487
171 29
171 279
171 417
171 199
171 141
171 435
171 380
171 471
171 93
171 241
171 324
171 118
171 340
171 455
171 1
171 466
171 31
171 46
171 366
171 88
171 10
171 191
171 236
229 169
229 337
229 273
229 360
229 494
229 380
229 132
229 480
229 371
229 353
229 118
229 60
229 362
229 178
229 439
229 343
229 433
229 78
229 403
229 149
11 478
11 419
11 14
11 436
11 494
11 336
11 187
11 480
11 86
11 241
11 126
11 210
11 16
11 131
11 327
11 274
11 474
11 364
460 4
460 196
460 221
460 280
460 81
460 279
460 305
460 199
460 109
460 209
460 260
460 49
460 433
460 215
460 203
460 488
460 91
460 242
460 402
460 163
21 76
21 80
21 434
21 219
21 199
21 238
21 132
21 349
21 232
21 210
21 122
21 211
21 328
21 57
21 72
21 332
21 331
21 333
21 85
21 129
388 174
388 275
388 102
388 345
388 454
388 410
388 458
388 320
388 251
388 206
388 166
9 339
9 431
9 321
9 278
9 79
9 94
9 70
9 400
9 161
9 6
9 380
9 93
9 355
9 63
9 126
9 344
9 287
9 160
9 201
9 412
9 242
9 401
5 262
5 128
5 221
5 94
5 400
5 356
5 96
5 317
5 443
5 138
5 355
5 498
5 151
5 338
5 37
5 168
5 71
5 46
5 364
5 322
308 174
308 367
308 424
308 83
308 355
308 133
308 140
308 411
76 136
76 80
76 434
76 334
76 33
76 161
76 273
76 235
76 109
76 325
76 49
76 146
76 323
76 432
76 78
76 347
76 327
76 61
76 366
76 297
218 339
218 246
218 454
218 86
218 286
218 304
218 338
218 467
218 433
218 466
218 159
218 206
218 365
218 451
169 53
169 221
169 161
169 55
169 68
169 241
169 484
169 95
169 498
169 302
169 251
169 489
169 19
169 90
169 129
266 212
266 354
266 7
266 167
266 39
266 28
266 104
266 369
266 241
266 60
266 381
266 343
266 91
266 147
266 300
266 474
266 350
266 335
266 51
266 75
212 183
212 339
212 179
212 475
212 30
212 417
212 177
212 303
212 247
212 406
212 189
212 49
212 287
212 310
212 155
212 313
212 231
212 402
212 333
212 437
62 180
62 275
62 250
62 487
62 475
62 17
62 247
62 414
62 112
62 95
62 118
62 245
62 142
62 344
62 432
62 56
62 341
62 298
62 206
62 272
478 261
478 79
478 14
478 426
478 115
478 296
478 235
478 456
478 157
478 306
478 381
478 185
478 385
478 392
478 328
478 284
478 97
64 430
64 137
64 345
64 246
64 182
64 337
64 193
64 270
64 443
64 195
64 6
64 247
64 315
64 234
64 355
64 368
64 50
64 353
64 232
64 304
64 202
64 292
64 289
64 390
64 433
64 499
64 57
64 243
64 159
64 71
64 36
64 69
64 125
64 391
483 250
483 440
483 279
483 490
483 303
483 295
483 368
483 351
483 418
483 121
483 385
483 120
483 244
483 298
483 395
483 399
483 403
483 43
483 346
419 6
419 177
419 325
419 225
419 358
419 154
419 461
419 258
419 202
419 121
419 224
419 264
419 13
419 61
419 309
419 301
419 297
419 124
253 250
253 434
253 15
253 34
253 179
253 42
253 81
253 67
253 336
253 92
253 480
253 409
253 55
253 204
253 27
253 425
253 215
253 24
253 412
253 393
253 32
253 145
253 236
430 339
430 14
430 17
430 182
430 372
430 199
430 238
430 132
430 35
430 104
430 414
430 217
430 374
430 349
430 241
430 324
430 157
430 397
430 184
430 289
430 386
430 481
430 203
430 52
430 72
430 198
430 310
430 442
430 346
430 482
448 48
448 188
448 387
448 39
448 459
448 269
448 65
136 137
136 438
136 53
136 94
136 161
136 356
136 199
136 303
136 299
136 60
136 38
136 421
136 433
136 37
136 399
136 373
136 335
136 51
136 69
136 482
136 451
139 219
139 436
139 420
139 375
139 389
139 496
139 358
139 170
139 342
139 258
139 54
139 72
139 361
139 106
139 101
139 147
139 442
139 412
139 491
139 19
139 376
139 307
139 477
139 322
139 59
139 85
139 145
173 4
173 326
173 114
173 487
173 415
173 407
173 405
173 241
173 63
173 126
173 100
173 27
173 1
173 203
173 52
173 130
173 379
173 201
173 489
173 333
173 464
173 423
173 479
180 12
180 174
180 150
180 58
180 363
180 78
180 465
180 243
180 310
180 373
12 119
12 265
12 449
12 293
12 454
12 389
12 35
12 480
12 241
12 353
12 370
12 243
12 31
12 123
12 327
12 163
12 149
12 125
12 166
174 113
174 209
174 245
174 242
174 18
271 44
271 263
271 14
271 42
271 195
271 110
271 109
271 485
271 120
271 84
271 134
271 148
271 465
271 130
271 346
271 396
271 322
271 272
271 97
183 261
183 114
183 265
183 179
183 30
183 357
183 493
183 441
183 408
183 480
183 213
183 154
183 410
183 406
183 287
183 160
183 151
183 385
183 284
183 203
183 244
183 106
183 257
183 152
183 277
183 297
183 322
367 354
367 117
367 500
367 112
367 342
367 428
367 181
367 116
367 287
367 292
367 227
367 433
367 37
367 486
367 13
367 335
367 45
367 88
367 482
367 125
4 79
4 246
4 161
4 415
4 380
4 241
4 469
4 157
4 116
4 54
4 404
4 486
4 361
4 198
4 61
4 19
4 468
4 411
4 477
4 85
44 137
44 195
44 353
44 142
44 404
44 151
44 467
44 56
44 164
261 431
261 487
261 14
261 179
261 449
261 113
261 127
261 67
261 273
261 270
261 454
261 409
261 342
261 49
261 20
261 343
261 121
261 78
261 244
261 159
261 264
261 309
261 411
261 437
261 85
261 391
80 7
80 17
80 357
80 443
80 378
80 405
80 368
80 312
80 111
80 306
80 54
80 211
80 343
80 134
80 319
80 310
80 168
80 373
80 313
80 401
80 46
80 329
80 452
339 221
339 94
339 449
339 270
339 417
339 177
339 247
339 77
339 241
339 232
339 122
339 304
339 292
339 390
339 392
339 244
339 13
339 277
339 313
339 491
339 309
339 288
339 69
339 364
48 30
48 77
48 351
48 258
48 427
262 275
262 424
262 102
262 193
262 496
262 480
262 170
262 404
262 153
262 20
262 121
262 159
262 395
262 257
262 331
262 200
262 445
326 128
326 438
326 254
326 252
326 413
326 182
326 416
326 205
326 35
326 295
326 374
326 358
326 289
326 57
326 59
275 250
275 252
275 42
275 81
275 357
275 161
275 109
275 222
275 294
275 204
275 122
275 38
275 57
275 148
275 244
275 71
275 396
275 125
275 236
128 250
128 47
128 34
128 475
128 357
128 417
128 372
128 495
128 187
128 268
128 35
128 485
128 186
128 286
128 498
128 397
128 184
128 439
128 1
128 3
128 392
128 359
128 243
128 13
128 108
128 401
128 427
128 301
128 396
137 98
137 254
137 79
137 179
137 219
137 138
137 6
137 199
137 92
137 238
137 444
137 410
137 233
137 185
137 27
137 151
137 499
137 37
137 335
137 479
354 334
354 337
354 273
354 454
354 374
354 371
354 342
354 189
354 340
354 233
354 458
354 390
354 455
354 385
354 84
354 499
354 148
354 143
354 379
354 19
354 350
438 53
438 470
438 105
438 400
438 273
438 378
438 454
438 495
438 409
438 349
438 133
438 222
438 241
438 362
438 146
438 239
438 159
438 207
438 491
438 350
438 75
438 236
196 119
196 487
196 226
196 398
196 246
196 360
196 389
196 247
196 35
196 315
196 93
196 38
196 292
196 131
196 373
196 412
196 401
196 376
196 447
196 393
196 281
196 69
196 236
431 317
431 177
431 362
431 100
431 304
431 344
431 103
431 239
431 446
431 8
114 462
114 33
114 293
114 40
114 360
114 181
114 292
114 56
114 486
114 52
114 91
114 143
114 288
114 482
158 226
158 422
158 25
158 351
158 359
158 135
158 451
74 214
74 252
74 219
74 127
74 161
74 317
74 443
74 360
74 409
74 469
74 111
74 404
74 289
74 392
74 433
74 442
74 322
74 200
119 424
119 79
119 40
119 268
119 162
119 469
119 410
119 50
119 111
119 363
119 142
119 499
119 302
119 481
119 155
119 300
119 168
119 108
119 468
119 69
119 365
119 482
53 98
53 462
53 175
53 30
53 96
53 450
53 222
53 306
53 73
53 211
53 466
53 56
53 108
53 373
53 316
98 278
98 41
98 416
98 225
98 299
98 184
98 289
98 455
98 148
98 486
98 143
98 283
98 479
265 14
265 345
265 246
265 273
265 415
265 417
265 6
265 110
265 35
265 404
265 439
265 103
265 227
265 164
265 300
265 442
265 71
265 152
265 330
265 402
265 18
250 426
250 17
250 193
250 110
250 389
250 268
250 358
250 294
250 184
250 289
250 390
250 227
250 140
250 131
250 37
250 244
250 486
250 399
250 330
250 335
250 282
434 394
434 400
434 293
434 495
434 177
434 144
434 223
434 349
434 126
434 287
434 492
434 455
434 320
434 347
434 330
434 437
434 322
434 97
221 255
221 179
221 117
221 172
221 6
221 234
221 232
221 492
221 146
221 455
221 256
221 446
221 474
221 447
221 365
221 200
462 415
462 405
462 406
462 323
462 298
462 130
462 143
462 152
462 89
462 411
462 88
462 464
462 365
462 318
462 191
462 451
462 479
424 195
424 122
424 386
424 45
263 15
263 255
263 94
263 334
263 394
263 400
263 293
263 415
263 336
263 228
263 104
263 444
263 312
263 340
263 370
263 244
263 393
263 282
15 193
15 495
15 248
15 368
15 126
15 294
15 258
15 184
15 146
15 370
15 465
15 379
15 403
15 364
15 452
15 8
254 255
254 23
254 345
254 246
254 138
254 110
254 177
254 141
254 380
254 496
254 112
254 58
254 461
254 153
254 359
254 361
254 91
254 61
254 393
254 32
254 391
348 449
348 127
348 161
348 216
348 156
348 93
348 369
348 223
348 54
348 146
348 289
348 338
348 120
348 328
348 203
348 401
348 332
348 376
348 335
348 10
348 451
487 214
487 321
487 334
487 33
487 317
487 495
487 441
487 213
487 450
487 86
487 142
487 202
487 425
487 227
487 131
487 446
487 36
487 285
487 18
440 315
440 237
440 269
440 307
440 69
214 105
214 30
214 407
214 405
214 480
214 248
214 355
214 461
214 2
214 100
214 122
214 87
214 84
214 134
214 244
214 489
214 307
214 75
214 477
214 125
214 82
321 182
321 110
321 77
321 358
321 469
321 353
321 340
321 49
321 418
321 455
321 343
321 203
321 453
321 319
321 123
321 71
321 491
321 350
321 197
321 281
226 305
226 360
226 372
226 247
226 349
226 469
226 498
226 353
226 340
226 233
226 151
226 392
226 84
226 386
226 192
226 300
226 366
226 482
226 318
226 129
278 413
278 255
278 175
278 400
278 493
278 494
278 176
278 234
278 154
278 68
278 299
278 189
278 233
278 202
278 492
278 458
278 153
278 103
278 284
278 224
278 106
278 474
278 383
278 89
278 366
278 85
278 125
278 191
278 272
470 475
470 356
470 96
470 317
470 420
470 235
470 494
470 213
470 299
470 351
470 204
470 397
470 304
470 178
470 292
470 148
470 298
470 231
470 402
470 200
470 451
252 34
252 94
252 394
252 81
252 279
252 30
252 127
252 296
252 273
252 216
252 495
252 107
252 58
252 95
252 232
252 118
252 122
252 363
252 481
252 148
252 91
252 277
252 473
252 19
252 301
252 335
252 437
252 423
422 387
422 167
422 25
422 156
422 192
422 194
47 175
47 30
47 66
47 17
47 172
47 454
47 441
47 500
47 234
47 349
47 299
47 118
47 421
47 455
47 3
47 284
47 274
47 333
47 479
150 280
150 42
150 133
150 484
150 352
150 149
34 33
34 296
34 273
34 172
34 496
34 93
34 116
34 304
34 311
34 361
34 429
34 206
34 71
34 242
34 19
34 281
34 322
34 8
413 29
413 23
413 380
413 409
413 107
413 154
413 299
413 406
413 20
413 1
413 425
413 227
413 203
413 395
413 147
413 192
413 446
413 285
413 89
79 81
79 398
79 40
79 472
79 195
79 441
79 389
79 208
79 409
79 107
79 63
79 428
79 499
79 488
79 91
79 379
79 491
79 288
79 297
79 166
280 293
280 209
280 2
280 185
280 224
280 163
280 166
14 102
14 475
14 193
14 471
14 480
14 409
14 162
14 287
14 160
14 227
14 121
14 140
14 13
14 319
14 164
14 71
14 489
14 19
14 447
14 197
14 163
426 67
426 296
426 110
426 238
426 500
426 223
426 349
426 353
426 204
426 233
426 465
426 243
426 159
426 352
426 277
426 411
426 125
426 129
426 8
255 279
255 436
255 493
255 273
255 195
255 420
255 55
255 222
255 294
255 210
255 189
255 16
255 54
255 153
255 425
255 377
255 231
255 403
179 394
179 493
179 86
179 87
179 343
179 499
179 78
179 453
179 244
179 130
179 300
179 36
179 75
179 149
179 437
179 200
290 29
290 389
290 141
290 500
290 223
290 186
290 52
290 347
290 277
290 327
290 491
290 69
290 411
290 364
290 191
290 272
290 124
94 70
94 115
94 305
94 241
94 406
94 304
94 178
94 203
94 399
94 379
94 412
94 332
94 376
94 89
94 197
94 163
94 297
94 200
29 247
29 315
29 107
29 498
29 406
29 84
29 488
29 65
29 396
175 279
175 219
175 40
175 476
175 35
175 162
175 232
175 49
175 381
175 151
175 131
175 37
175 347
175 257
175 165
175 332
175 335
175 200
175 129
102 113
102 273
102 476
102 208
102 409
102 374
102 306
102 243
102 36
102 383
102 240
102 281
102 166
102 236
42 293
42 208
42 374
42 410
42 458
42 3
42 57
42 320
42 123
42 329
449 161
449 417
449 199
449 450
449 349
449 232
449 153
449 151
449 140
449 298
449 198
449 99
449 123
449 350
105 7
105 493
105 172
105 213
105 312
105 181
105 287
105 184
105 328
105 239
105 148
105 466
105 311
105 341
105 361
105 13
105 168
105 283
105 43
105 437
105 396
105 166
105 445
105 272
23 394
23 293
23 172
23 360
23 303
23 380
23 500
23 480
23 50
23 2
23 100
23 202
23 499
23 140
23 481
23 148
23 310
23 108
23 231
23 89
23 479
334 279
334 117
334 216
334 138
334 109
334 238
334 414
334 68
334 362
334 406
334 38
334 458
334 370
334 466
334 453
334 320
334 341
334 168
334 61
334 281
394 357
394 228
394 107
394 368
394 363
394 73
394 455
394 1
394 386
394 251
394 71
394 163
394 281
394 124
113 81
113 398
113 245
113 52
113 251
113 230
345 279
345 161
345 337
345 172
345 110
345 225
345 186
345 54
345 439
345 458
345 338
345 467
345 84
345 140
345 310
345 379
345 401
345 18
81 495
81 371
81 234
81 58
81 157
81 233
81 243
81 395
81 152
81 376
81 272
81 479
81 391
70 356
70 443
70 141
70 104
70 324
70 95
70 287
70 38
70 185
70 328
70 399
70 147
70 446
70 442
70 313
70 402
70 307
70 197
70 335
70 281
70 477
70 318
475 273
475 441
475 268
475 471
475 374
475 234
475 68
475 469
475 126
475 299
475 410
475 189
475 54
475 392
475 215
475 57
475 466
475 31
475 147
475 300
475 277
475 401
475 350
475 331
475 281
475 346
279 110
279 435
279 154
279 286
279 157
279 299
279 353
279 170
279 49
279 344
279 3
279 134
279 465
279 224
279 244
279 45
279 423
30 40
30 216
30 372
30 241
30 343
30 84
30 134
30 386
30 361
30 347
30 446
30 108
30 489
30 51
30 423
30 482
30 191
66 176
66 408
66 459
66 60
66 392
66 486
66 135
66 106
66 152
66 376
66 194
66 69
66 88
66 437
66 65
66 297
66 200
219 490
219 291
219 369
219 371
219 213
219 86
219 232
219 406
219 211
219 27
219 256
219 497
219 499
219 135
219 143
219 473
219 383
219 333
219 88
219 145
398 7
398 372
398 176
398 241
398 204
398 49
398 306
398 146
398 392
398 84
398 224
398 320
398 52
398 207
398 488
398 373
398 412
398 276
398 46
398 288
398 391
127 28
127 144
127 353
127 232
127 260
127 381
127 27
127 390
127 425
127 328
127 453
127 359
127 224
127 91
127 123
127 301
127 329
127 482
7 67
7 472
7 205
7 154
7 222
7 299
7 340
7 38
7 103
7 481
7 314
7 72
7 198
7 347
7 108
7 313
7 329
7 451
246 293
246 476
246 58
246 428
246 122
246 146
246 458
246 153
246 421
246 338
246 466
246 341
246 412
246 402
246 43
246 32
246 282
188 443
188 303
188 190
188 359
188 135
188 89
17 357
17 268
17 205
17 295
17 312
17 16
17 421
17 361
17 101
17 19
17 309
17 383
387 382
33 415
33 416
33 336
33 110
33 177
33 450
33 154
33 241
33 16
33 340
33 418
33 38
33 343
33 244
33 13
33 31
33 373
33 36
33 474
33 401
33 393
33 301
33 288
33 333
33 423
357 117
357 40
357 235
357 177
357 238
357 408
357 162
357 68
357 103
357 37
357 198
357 473
357 474
357 376
357 129
167 205
167 258
167 269
167 231
167 191
400 436
400 193
400 28
400 405
400 268
400 234
400 55
400 368
400 397
400 344
400 73
400 185
400 458
400 211
400 1
400 370
400 140
400 135
400 264
400 379
400 377
400 45
400 82
115 336
115 225
115 312
115 260
115 111
115 289
115 1
115 311
115 332
115 19
115 346
115 477
115 65
115 191
83 193
83 172
83 225
83 208
83 35
83 353
83 49
83 267
83 343
83 284
83 264
83 123
83 281
83 364
83 322
83 282
161 493
161 273
161 235
161 190
161 496
161 223
161 287
161 38
161 160
161 134
161 284
161 429
161 71
161 377
161 491
161 329
356 28
356 138
356 456
356 141
356 325
356 471
356 355
356 421
356 256
356 284
356 453
356 359
356 224
356 159
356 313
356 61
356 331
182 436
182 417
182 303
182 176
182 496
182 353
182 153
182 211
182 3
182 227
182 314
182 52
182 277
182 402
182 335
182 333
182 236
96 270
96 443
96 176
96 471
96 112
96 287
96 233
96 492
96 13
96 310
96 412
96 474
96 230
96 365
96 451
436 41
436 336
436 104
436 58
436 368
436 162
436 484
436 160
436 467
436 425
436 31
436 319
436 310
436 446
436 327
436 274
436 468
436 240
436 437
436 282
293 132
293 112
293 107
293 260
293 381
293 87
293 153
293 267
293 140
293 31
293 395
293 230
293 200
25 190
25 295
25 50
25 165
25 464
67 117
67 375
67 389
67 141
67 408
67 461
67 466
67 310
67 257
67 61
67 474
67 468
493 495
493 190
493 104
493 93
493 480
493 469
493 458
493 267
493 399
493 489
493 318
337 40
337 378
337 389
337 238
337 162
337 358
337 292
337 314
337 465
337 244
337 395
337 101
305 296
305 336
305 268
305 132
305 374
305 355
305 157
305 418
305 497
305 361
305 31
305 313
305 307
296 317
296 415
296 195
296 407
296 228
296 77
296 112
296 154
296 353
296 220
296 31
296 330
296 45
296 366
296 59
296 272
117 389
117 92
117 238
117 35
117 112
117 55
117 133
117 222
117 232
117 461
117 245
117 381
117 492
117 215
117 453
117 123
117 36
117 383
117 301
117 10
40 238
40 409
40 371
40 95
40 258
40 287
40 140
40 251
40 198
40 327
40 473
40 285
40 145
41 490
41 209
41 444
41 93
41 362
41 16
41 49
41 439
41 458
41 211
41 320
41 159
41 130
41 168
472 177
472 186
472 458
472 20
472 392
472 433
472 465
472 399
472 108
472 71
472 491
472 376
472 191
193 375
193 291
193 397
193 304
193 439
193 481
193 106
193 198
193 412
193 491
193 69
193 477
317 435
317 380
317 315
317 144
317 54
317 227
317 284
317 486
317 264
317 31
317 123
317 332
317 240
317 301
317 365
317 8
273 494
273 176
273 325
273 500
273 469
273 126
273 410
273 455
273 467
273 453
273 130
273 429
273 31
273 101
273 489
273 350
273 322
273 423
273 59
273 482
273 10
270 291
270 132
270 409
270 213
270 306
270 497
270 131
270 298
270 442
270 373
270 313
270 447
270 301
270 316
270 477
415 490
415 378
415 374
415 223
415 358
415 342
415 406
415 27
415 497
415 488
415 123
415 242
415 350
39 299
39 397
39 237
216 249
216 176
216 205
216 232
216 60
216 418
216 227
216 239
216 302
216 206
216 327
216 474
216 366
216 365
443 6
443 286
443 50
443 178
443 233
443 292
443 390
443 328
443 143
443 473
443 231
443 316
443 32
443 145
443 129
443 124
172 496
172 480
172 485
172 122
172 267
172 465
172 359
172 155
172 163
172 75
172 82
172 8
195 456
195 213
195 86
195 342
195 306
195 202
195 237
195 52
195 13
195 429
195 257
195 446
195 24
195 332
195 437
420 225
420 133
420 204
420 49
420 465
420 453
420 52
420 143
420 330
420 402
420 46
490 6
490 372
490 228
490 217
490 409
490 68
490 63
490 232
490 204
490 111
490 122
490 404
490 292
490 432
490 203
490 453
490 257
490 24
490 274
490 230
490 447
490 464
235 389
235 480
235 485
235 213
235 112
235 358
235 324
235 170
235 461
235 406
235 289
235 159
235 91
235 231
235 365
235 482
360 109
360 141
360 176
360 435
360 154
360 469
360 428
360 362
360 260
360 344
360 287
360 202
360 439
360 215
360 320
360 91
360 473
360 19
360 46
360 301
360 32
360 88
378 6
378 303
378 414
378 217
378 485
378 450
378 232
378 406
378 54
378 3
378 148
378 491
378 283
378 335
378 316
378 333
416 190
416 500
416 154
416 95
416 390
416 121
416 264
416 13
416 399
416 327
416 274
416 19
416 89
416 197
416 393
416 364
416 59
454 249
454 93
454 111
454 233
454 211
454 390
454 159
454 207
454 361
454 91
454 123
454 24
454 276
454 333
454 329
454 365
28 417
28 500
28 107
28 362
28 189
28 343
28 385
28 203
28 148
28 135
28 147
28 300
28 309
28 276
28 88
28 365
28 166
28 479
494 248
494 410
494 363
494 178
494 1
494 433
494 314
494 101
494 147
494 168
494 10
494 129
494 445
375 6
375 456
375 405
375 209
375 369
375 68
375 157
375 116
375 292
375 284
375 244
375 99
375 447
375 45
375 88
417 372
417 414
417 49
417 385
417 328
417 24
417 393
417 329
417 149
417 166
138 247
138 324
138 178
138 87
138 338
138 467
138 78
138 311
138 251
138 264
138 327
138 43
138 316
138 423
6 199
6 95
6 122
6 258
6 185
6 289
6 239
6 203
6 466
6 108
6 51
6 322
6 85
6 145
6 445
336 407
336 208
336 315
336 144
336 213
336 222
336 294
336 289
336 20
336 370
336 106
336 143
336 108
336 403
336 51
336 452
372 295
372 111
372 363
372 340
372 344
372 404
372 256
372 103
372 466
372 264
372 101
372 446
372 36
372 393
372 288
372 445
463 382
156 190
156 59
156 452
456 500
456 107
456 286
456 410
456 122
456 140
456 57
456 314
456 72
456 135
456 91
456 99
456 399
456 412
456 163
456 464
456 322
110 380
110 428
110 338
110 352
110 412
110 197
110 145
110 97
199 141
199 471
199 213
199 241
199 351
199 267
199 215
199 152
199 201
199 36
199 427
199 335
199 364
407 190
407 325
407 355
407 469
407 299
407 204
407 100
407 160
407 264
407 446
407 402
407 32
407 297
407 10
407 129
407 166
407 479
405 60
405 461
405 116
405 121
405 497
405 78
405 31
405 242
405 383
495 291
495 55
495 484
495 363
495 343
495 328
495 386
495 453
495 429
495 442
495 402
495 376
495 51
495 10
495 97
109 325
109 471
109 500
109 204
109 111
109 289
109 392
109 465
109 251
109 155
109 24
109 36
109 51
109 316
109 464
109 59
109 365
109 318
441 380
441 409
441 485
441 397
441 258
441 233
441 237
441 121
441 314
441 198
441 123
441 108
441 307
441 482
177 77
177 146
177 103
177 425
177 13
177 257
177 152
177 165
177 191
249 222
249 498
249 232
249 178
249 20
249 425
249 433
249 159
249 373
249 18
249 333
249 88
228 414
228 222
228 111
228 153
228 390
228 432
228 224
228 56
228 264
228 442
228 61
228 412
228 69
389 380
389 86
389 362
389 260
389 258
389 381
389 38
389 292
389 497
389 298
389 231
389 383
389 329
389 396
389 423
389 125
389 451
141 303
141 176
141 92
141 247
141 77
141 107
141 267
141 390
141 392
141 497
141 84
141 373
141 332
141 335
141 51
141 464
303 190
303 268
303 104
303 241
303 202
303 27
303 323
303 103
303 148
303 37
303 101
303 257
303 143
303 412
303 331
303 452
303 145
190 238
190 107
190 186
190 299
190 312
190 60
190 287
190 160
190 338
190 1
190 237
190 148
190 300
190 143
190 71
190 152
190 231
190 165
190 19
476 223
476 397
476 2
476 344
476 492
476 370
476 486
476 31
476 85
476 191
176 349
176 189
176 140
176 148
176 311
176 359
176 31
176 319
176 327
176 309
176 281
176 423
176 10
325 35
325 450
325 245
325 404
325 439
325 467
325 239
325 386
325 352
325 446
325 61
325 90
325 75
325 437
92 63
92 344
92 54
92 151
92 203
92 72
92 446
92 379
92 108
92 373
92 473
92 403
92 427
92 331
92 45
291 315
291 153
291 421
291 1
291 243
291 251
291 313
291 201
291 330
291 309
291 276
291 335
291 364
291 445
238 380
238 205
238 247
238 208
238 16
238 87
238 267
238 1
238 481
238 243
238 106
238 327
238 191
238 97
435 450
435 358
435 351
435 498
435 287
435 73
435 439
435 3
435 121
435 370
435 123
435 19
435 402
435 197
435 316
435 75
380 205
380 247
380 77
380 414
380 233
380 146
380 439
380 120
380 432
380 220
380 37
380 243
380 130
380 399
380 123
380 281
380 329
380 477
380 191
187 414
187 258
187 287
187 310
187 399
187 123
187 147
187 71
187 274
187 283
187 69
187 236
268 371
268 213
268 234
268 118
268 210
268 142
268 49
268 146
268 343
268 453
268 130
268 155
268 379
268 350
268 282
268 482
225 55
225 50
225 428
225 406
225 73
225 458
225 153
225 103
225 361
225 332
225 89
225 75
205 500
205 223
205 312
205 100
205 289
205 121
205 145
247 248
247 295
247 241
247 312
247 118
247 49
247 185
247 390
247 224
247 319
247 99
247 123
247 373
247 274
247 61
247 350
247 309
247 85
132 234
132 73
132 433
132 220
132 203
132 37
132 341
132 347
132 206
132 242
132 51
132 45
132 322
132 10
132 124
208 370
208 465
208 244
208 361
208 446
208 274
208 301
208 75
208 97
35 374
35 55
35 107
35 140
35 302
35 486
35 298
35 198
35 147
35 71
35 32
35 124
408 315
408 500
408 227
408 385
408 65
408 482
104 450
104 404
104 370
104 72
104 24
104 152
104 412
104 403
104 491
104 423
104 129
496 63
496 286
496 299
496 294
496 498
496 342
496 418
496 344
496 381
496 425
496 131
496 130
496 330
496 447
496 329
496 88
496 464
496 322
496 445
496 236
77 217
77 222
77 95
77 232
77 60
77 49
77 421
77 467
77 330
77 468
77 322
77 82
77 191
209 410
209 428
209 118
209 432
209 465
209 276
414 217
414 358
414 222
414 381
414 404
414 292
414 184
414 421
414 433
414 57
414 37
414 341
414 243
414 155
414 300
414 201
414 61
414 331
414 75
471 358
471 461
471 418
471 381
471 404
471 211
471 227
471 385
471 168
471 412
471 231
471 332
471 19
471 464
471 318
315 469
315 189
315 304
315 287
315 385
315 497
315 311
315 72
315 108
315 393
315 333
315 322
315 129
144 93
144 295
144 455
144 20
144 239
144 230
144 366
144 32
217 248
217 369
217 107
217 358
217 86
217 54
217 370
217 432
217 314
217 453
217 310
217 327
217 412
217 491
217 240
217 411
217 364
500 349
500 68
500 241
500 312
500 100
500 304
500 256
500 103
500 453
500 106
500 240
500 366
457 382
457 269
444 248
444 358
444 484
444 126
444 73
444 466
444 22
444 230
444 197
444 301
444 391
93 112
93 186
93 410
93 16
93 178
93 399
93 330
93 288
93 366
93 437
93 477
93 200
480 294
480 498
480 406
480 245
480 16
480 304
480 289
480 37
480 347
480 379
480 318
409 233
409 73
409 211
409 256
409 359
409 320
409 300
409 379
409 376
409 482
248 213
248 223
248 86
248 406
248 220
248 131
248 274
248 61
248 401
248 309
248 383
248 396
248 318
248 479
295 60
295 362
295 304
295 287
295 433
295 399
295 412
295 474
295 82
374 107
374 133
374 204
374 2
374 314
374 352
374 143
374 36
374 166
369 50
369 353
369 204
369 16
369 116
369 381
369 184
369 84
369 314
369 446
369 10
371 162
371 498
371 406
371 184
371 425
371 220
371 298
371 352
371 403
371 489
371 197
371 301
371 411
371 346
371 329
371 282
371 318
371 479
371 124
485 107
485 484
485 342
485 304
485 287
485 292
485 289
485 386
485 52
485 361
485 99
485 277
485 288
485 149
485 145
485 391
213 68
213 469
213 484
213 292
213 392
213 284
213 341
213 31
213 88
213 282
213 365
223 107
223 210
223 73
223 185
223 20
223 239
223 386
223 320
223 319
223 489
223 376
234 118
234 245
234 178
234 467
234 239
234 99
234 164
234 61
234 491
234 283
234 163
112 107
112 260
112 406
112 458
112 148
112 341
112 352
112 264
112 147
112 423
55 16
55 344
55 87
55 73
55 121
55 284
55 140
55 131
55 311
55 319
55 123
55 474
55 364
55 32
55 477
55 8
355 324
355 312
355 146
355 455
355 103
355 91
355 468
355 301
355 32
107 68
107 312
107 2
107 189
107 87
107 467
107 497
107 239
107 481
107 198
107 309
58 469
58 27
58 392
58 341
58 298
58 155
58 379
58 149
58 322
58 125
58 166
368 111
368 292
368 455
368 57
368 427
368 393
368 452
368 85
162 404
162 146
162 343
162 207
162 264
162 13
162 429
162 101
162 99
162 377
162 277
162 19
162 468
162 75
162 464
450 351
450 498
450 170
450 111
450 122
450 178
450 103
450 3
450 343
450 215
450 131
450 298
450 135
450 130
450 491
349 467
349 465
349 61
349 401
349 350
349 329
358 241
358 49
358 344
358 381
358 38
358 151
358 3
358 328
358 251
358 91
358 379
358 403
358 330
358 276
86 154
86 222
86 63
86 232
86 116
86 78
86 147
86 240
86 129
154 469
154 459
154 461
154 178
154 87
154 130
154 395
154 91
154 125
154 272
154 479
133 306
133 432
133 284
133 22
133 8
222 294
222 306
222 73
222 458
222 57
222 251
222 106
222 347
222 257
222 147
222 206
222 377
222 281
222 366
222 346
222 464
68 63
68 95
68 146
68 323
68 237
68 392
68 140
68 465
68 207
68 373
68 231
68 403
68 427
68 59
68 129
241 312
241 390
241 455
241 121
241 302
241 99
241 468
241 283
241 335
241 288
241 97
469 63
469 351
469 170
469 204
469 60
469 397
469 258
469 306
469 159
469 106
469 300
469 333
469 329
469 282
63 362
63 432
63 481
63 314
63 453
63 327
63 474
63 240
63 51
63 411
63 396
63 85
63 236
484 56
126 186
126 170
126 312
126 344
126 87
126 385
126 257
126 242
126 276
126 240
186 342
186 204
186 210
186 306
186 54
186 184
186 421
186 467
186 239
186 320
186 257
186 277
186 129
286 362
286 258
286 390
286 386
286 350
286 283
286 316
286 32
286 65
286 482
286 200
286 236
324 410
324 49
324 87
324 38
324 20
324 37
324 320
324 101
324 99
324 257
324 491
324 393
324 318
324 479
95 260
95 100
95 202
95 292
95 267
95 392
95 298
95 198
95 379
95 327
95 332
95 32
95 322
157 204
157 306
157 267
157 37
157 101
157 155
157 277
157 61
157 403
157 489
157 276
157 46
157 18
157 149
157 423
157 365
299 204
299 461
299 122
299 404
299 146
299 151
299 20
299 203
299 332
299 318
351 60
351 100
351 289
351 27
351 302
351 311
351 101
351 155
351 147
351 108
351 331
351 145
294 52
294 373
294 43
294 88
294 365
410 170
410 204
410 304
410 178
410 323
410 425
410 499
410 36
410 242
410 18
410 333
410 236
50 210
50 455
50 227
50 134
50 298
50 130
50 319
50 91
50 257
50 379
50 473
50 65
498 258
498 287
498 185
498 160
498 134
498 244
498 155
498 446
498 276
498 281
498 82
498 145
353 260
353 178
353 239
353 264
353 395
353 257
353 285
353 427
353 318
232 170
232 178
232 73
232 237
232 78
232 13
232 155
232 332
232 46
232 316
232 59
232 10
232 145
459 100
459 1
459 269
459 198
459 231
459 366
459 59
170 385
170 432
170 231
170 309
342 466
342 298
342 123
342 147
342 168
428 461
428 363
428 404
428 343
428 497
428 314
428 396
204 461
204 210
204 492
204 256
204 359
204 307
204 346
204 8
312 258
312 390
312 497
312 302
312 43
312 129
118 151
118 467
118 298
118 429
118 143
118 376
118 145
60 2
60 458
60 19
60 376
60 301
60 364
60 125
60 445
181 2
181 153
181 465
181 52
181 22
397 287
397 292
397 421
397 298
397 143
397 71
397 285
397 297
397 125
397 445
397 97
362 260
362 178
362 202
362 3
362 140
362 203
362 298
362 155
362 332
362 423
362 365
362 82
362 236
260 404
260 151
260 497
260 311
260 361
260 319
260 123
260 197
260 97
461 244
461 399
461 330
461 283
461 329
461 32
461 59
461 85
111 256
111 1
111 284
111 373
111 403
111 401
111 332
111 19
111 451
406 433
406 244
406 99
406 155
406 376
406 346
406 445
2 421
2 284
2 320
2 56
2 101
2 379
2 447
2 272
100 381
100 13
100 168
100 474
100 330
100 447
100 366
100 65
245 184
245 499
245 140
245 159
245 31
245 402
245 26
245 18
245 149
245 85
245 8
210 233
210 381
210 135
210 106
210 429
210 71
210 377
210 36
210 194
210 236
122 87
122 184
122 267
122 455
122 1
122 78
122 347
122 143
122 474
122 89
122 88
189 116
189 153
189 432
189 309
189 402
189 89
189 283
189 335
189 366
189 88
258 151
258 134
258 37
258 347
258 377
258 46
258 45
258 200
258 124
258 97
363 16
363 54
363 73
363 121
363 215
363 57
363 311
363 320
363 155
363 442
363 313
363 201
363 491
363 10
16 215
16 135
16 361
16 198
16 403
16 376
16 335
16 316
16 451
142 20
142 227
142 481
142 285
142 145
142 8
142 451
142 124
340 116
340 492
340 359
340 130
340 377
340 489
340 309
340 447
340 45
340 281
340 88
340 477
340 272
49 116
49 54
49 425
49 84
49 215
49 473
49 330
49 309
49 307
49 437
49 477
49 451
418 215
418 168
418 491
418 194
418 423
418 129
116 267
116 311
116 243
116 31
116 446
116 373
116 474
116 401
116 276
116 383
116 163
116 75
116 437
304 289
304 1
304 148
304 251
304 135
304 310
304 99
304 332
304 276
304 376
304 333
304 85
344 370
344 328
344 453
344 395
344 446
344 313
344 201
344 230
344 330
344 283
344 10
344 479
287 289
287 323
287 467
287 370
287 120
287 433
287 284
287 13
287 364
178 338
178 215
178 78
178 466
178 207
178 101
178 347
178 143
178 401
178 376
178 411
178 32
178 200
233 421
233 140
233 486
233 264
233 198
233 491
233 364
233 329
233 464
233 166
306 121
306 239
306 302
306 399
306 309
381 370
381 481
381 486
381 395
381 101
381 123
381 143
381 473
381 489
381 330
381 276
381 69
381 365
87 184
87 439
87 458
87 211
87 338
87 455
87 220
87 361
87 101
87 327
87 43
87 346
87 423
202 390
202 121
202 239
202 244
202 313
202 231
202 297
202 145
202 479
202 391
38 439
38 267
38 140
38 224
38 395
38 99
38 399
38 164
38 313
38 473
38 403
38 288
38 322
38 85
38 97
492 439
492 120
492 52
492 379
492 274
492 402
54 390
54 481
54 465
54 361
54 130
54 31
54 377
54 489
54 491
54 376
54 447
54 283
54 329
54 318
54 479
404 211
404 203
404 37
404 298
404 108
404 152
404 313
404 19
404 46
404 288
404 333
292 185
292 390
292 455
292 256
292 19
292 32
292 200
73 121
73 215
73 361
73 482
184 455
184 328
184 433
184 99
184 155
184 473
184 10
184 124
146 153
146 211
146 151
146 121
146 148
146 72
146 319
146 379
146 71
146 473
146 403
146 281
146 282
185 425
185 432
185 386
185 474
185 46
439 289
439 151
439 101
439 231
439 403
439 230
439 330
439 276
439 197
439 329
439 166
458 390
458 467
458 103
458 497
458 320
458 130
458 230
458 281
458 437
458 166
458 479
153 284
153 78
153 453
153 473
153 474
153 468
289 151
289 20
289 237
289 499
289 207
289 361
289 489
289 427
289 240
289 346
289 10
289 166
289 8
267 151
267 343
267 392
267 120
267 328
267 379
267 206
267 327
267 274
267 36
267 474
267 43
267 51
267 18
267 163
267 322
267 482
211 227
211 277
211 231
211 489
211 331
211 333
211 366
211 437
211 479
27 370
27 328
27 359
27 310
27 71
27 427
27 383
27 89
160 323
160 392
160 239
160 207
160 108
160 71
160 231
160 427
160 447
160 335
160 85
151 121
151 120
151 84
151 239
151 302
151 159
151 13
421 390
421 385
421 57
421 148
421 311
421 359
421 31
421 377
421 401
421 332
421 19
421 331
421 163
421 396
421 166
338 455
338 237
338 343
338 131
338 224
338 243
338 313
338 59
338 82
338 129
390 425
390 311
390 244
390 135
390 361
390 300
390 143
390 491
455 256
455 385
455 37
455 243
455 488
455 163
455 333
455 479
20 3
20 481
20 243
256 392
256 499
256 57
256 243
256 402
256 396
256 464
256 452
256 8
323 215
323 203
323 399
323 36
323 197
323 316
467 103
467 385
467 134
467 56
467 488
467 347
1 343
1 481
1 72
1 99
1 313
1 396
1 451
103 453
103 130
103 373
103 36
103 393
103 318
103 166
425 121
425 392
425 134
425 386
425 78
425 491
425 383
425 283
425 125
425 200
237 481
237 453
237 488
237 71
237 285
237 427
237 307
237 477
3 370
3 215
3 147
3 379
3 206
3 274
3 197
3 393
3 45
3 322
3 482
227 385
227 84
227 429
227 91
227 147
227 71
227 230
227 350
227 282
343 203
343 91
343 99
343 309
343 402
121 328
121 284
121 314
121 24
121 274
121 332
121 230
121 45
121 396
121 272
269 165
385 453
385 243
385 91
385 399
385 257
385 143
385 89
385 322
385 282
385 129
370 123
370 274
392 277
392 301
392 329
392 282
392 125
392 191
392 236
120 148
120 298
120 13
120 206
120 46
120 10
497 52
497 488
497 474
497 129
328 359
328 244
328 298
328 155
328 45
328 97
433 140
433 486
433 159
433 319
433 395
433 318
433 129
84 155
84 71
84 401
84 393
84 191
134 499
134 243
134 257
134 446
134 327
134 473
134 89
134 393
134 301
134 316
134 8
499 140
499 91
499 399
499 277
499 412
499 489
239 465
239 300
239 489
239 82
432 220
432 140
432 57
432 466
432 311
432 350
432 85
432 129
220 302
220 207
220 350
220 149
220 129
220 236
215 56
215 72
215 207
215 101
215 155
215 300
215 313
215 236
386 251
386 135
386 429
386 403
386 89
386 393
386 437
386 166
284 341
284 352
284 91
284 274
284 90
284 423
140 352
140 230
140 350
140 18
140 10
140 391
302 465
302 298
302 72
302 446
302 277
302 373
302 491
302 427
302 350
302 283
302 297
57 257
57 393
481 377
481 307
481 194
481 437
203 244
203 155
203 403
203 383
203 43
203 166
203 124
148 251
148 361
148 108
148 231
148 163
148 281
148 236
131 155
131 152
131 201
131 333
78 466
78 311
78 56
78 402
78 282
78 10
78 391
314 320
314 52
314 352
314 361
314 473
314 230
314 365
314 10
466 164
466 403
466 365
466 236
465 56
465 379
465 168
465 331
465 240
465 329
37 453
37 159
37 13
37 130
37 347
37 489
37 309
37 75
37 365
453 320
453 379
453 285
453 383
453 346
311 159
311 51
311 69
311 464
311 97
359 168
359 61
359 129
224 243
224 13
224 123
224 276
224 331
224 45
224 149
224 282
224 85
224 129
244 206
244 71
244 89
244 236
244 97
320 399
320 277
320 201
56 395
56 164
56 201
56 468
56 393
56 316
56 423
56 482
341 327
341 309
341 26
486 285
486 393
243 319
243 395
243 201
243 43
159 101
159 447
298 147
298 365
298 479
52 276
52 46
72 108
72 201
72 165
72 468
72 194
251 352
251 155
251 330
251 423
251 282
251 166
352 264
352 164
352 442
352 197
352 364
352 166
207 130
207 152
207 90
207 288
207 32
488 198
488 313
488 403
488 163
135 332
135 331
361 13
361 147
361 376
361 197
361 329
361 297
361 145
106 399
106 61
106 194
264 429
264 491
264 163
264 75
13 130
13 99
13 168
13 277
13 19
13 307
13 333
13 322
13 445
130 101
130 377
130 125
130 200
429 399
429 350
429 197
429 482
429 145
429 236
31 474
31 402
31 43
31 200
31 166
31 8
198 24
198 152
198 165
198 350
198 82
319 412
319 89
319 437
319 8
319 124
319 97
395 377
395 313
395 276
395 383
395 393
395 365
91 330
91 468
91 307
91 445
91 479
310 155
310 201
310 197
310 364
310 32
101 399
101 69
101 318
101 391
99 377
99 333
99 297
99 451
347 89
347 281
347 396
347 318
399 300
399 468
399 365
257 474
257 350
257 75
257 464
257 166
257 272
155 89
123 206
123 316
123 281
123 346
123 149
123 282
123 365
123 482
164 22
164 8
164 391
147 206
147 376
147 32
147 322
147 423
192 89
192 477
446 97
24 442
24 277
24 391
300 401
300 88
143 442
143 412
143 231
143 230
143 447
143 240
143 329
143 200
143 129
143 166
379 401
379 283
379 288
379 477
379 318
379 445
168 201
168 230
168 491
168 330
168 451
168 124
108 427
108 194
108 281
442 373
442 309
442 423
442 391
206 474
206 402
206 376
206 335
206 163
206 45
206 396
71 377
71 373
71 36
71 489
71 43
71 288
71 69
377 152
377 412
377 65
377 479
152 313
152 276
152 307
152 301
152 437
277 274
277 230
277 90
277 335
277 45
327 383
327 283
327 10
373 474
373 45
313 401
313 491
313 8
313 236
473 201
473 240
473 318
274 61
274 242
274 491
274 316
201 282
201 482
201 125
61 46
61 477
61 297
61 272
412 36
412 283
412 69
412 59
412 129
231 365
231 97
22 90
36 491
36 330
36 316
36 333
36 396
36 200
36 479
36 391
242 383
242 288
165 194
165 69
165 451
474 332
474 452
403 489
403 393
403 364
403 282
403 97
401 468
401 307
401 75
401 479
332 491
332 285
332 288
332 75
332 85
489 350
489 447
489 69
489 318
489 191
230 316
230 411
491 19
491 468
491 288
491 272
285 393
285 240
285 281
285 366
285 59
285 82
19 333
19 272
427 88
427 482
427 129
330 365
330 125
330 200
330 8
90 276
350 335
350 10
350 451
468 383
468 364
468 282
468 145
468 451
309 301
402 46
402 124
276 329
376 75
376 88
376 423
376 129
331 85
307 43
307 281
307 10
383 46
89 88
89 65
447 464
447 272
283 51
283 32
283 200
283 479
197 82
197 124
43 411
43 145
393 329
393 396
393 125
46 335
46 281
46 464
301 163
301 423
335 281
335 445
51 281
51 365
51 125
316 200
194 69
288 236
45 329
45 479
333 346
333 452
333 482
333 97
281 366
411 396
75 477
75 396
75 124
364 396
364 318
364 82
366 82
346 329
346 464
346 85
346 8
346 124
329 82
329 391
32 200
32 236
88 437
437 322
477 452
477 445
65 297
297 10
464 124
59 200
452 125
452 445
282 166
365 272
482 124
318 236
318 479
82 97
145 191
129 124
